07061069842
09026884699
09097093464
08037295843
08064244954


0704 401 7380
08162842124
0903 733 1200
08033935127
09077204050
08066200161
Phone No
09082454406
09059294546
07064763161
08022294540
07030056431
08130150920
07035114047
0813 707 3320
08062226607
08066734667
08101802087
08102302387
08032477322
08026410476
08080334790


0803 537 4379
09072538199
07014940571
07055839913
07016224020
0807353754
07032359937
08171279562
08093487916
08151318690
07068763597
08033213525
0806 341 7627
08085250582
0903 665 7936
07063442079
08134675506
08137053835
08066388581
07019889803
08163634014
08187464323
08121582448


08140833204
07030209346
07088887885
0816844o578
08022682290
08035932233
08173288397
09083331383
09082144849
08083608686
08172136967
08063883761
07061859716
08064600570
07036383609
09068904175
08037555682
0806 045 6368
08037430890
07061963852
08033306327
07030087537


09055901524
0818 017 8006
08065503443
0903 522 9503
08065192215
08065192215


09030705566
08032949918
09035229503
08075286115
081160091671
08169248247




Phone No
08135057971
08138693582


08094893432


















08099282398




08092468713


07033468228
09033866787
08037846379


07039813325
08023438970


09035136158






09031776573
09081960766
08035932233
08161585293


07069131619
09084422277






08135169912




08033121934






09097852905
08064600570
09055761018


08163910852


08133032243
07085265322




08167004630
09054567212


08063452246


08163467787


08065330326
08073525967




08057912673


08062576355


07065162583
07032232429






08065879218


09099710433








08060185285
08138246486


08062226607


07019889803
08104772278
07066021988


08101066751




08064423702
08164199952


08139081910


08132637749
07066658582


07030480994
07033801715






08180611193
08032477322
07038428606
07059461054




08130150920






07081095535


07069445163
08138109992


08182953942
08066388581
08035886130
09097513129








08085616936
08175784253
08063883761
09055901524








08062334933
08030826610
08107455533
08147703835
07038208095
08063705477


08122044531
09093301684




07034499795


08164391234
08065192215
08145703849
07030129842
07035723369


07083047437
09031514418






08145473423
08109390551


08024565715


08063686460




09053669122


08139428530




08136896987
07039002596


07061069842
09013257974
08031390660


07067793237
07016224020
07015310992
08118619514
09166824465
08131206215
07062672573
09097093464
08037295843
09064244954
08161315468


08106006700
09037663906
09097997717
08162842124
08033935127
08037696484
08082211215
09037353337
Phone No
07064763161
08022294540
08069785167
07061901996
08060517082
08032477322
08080334790
09031776373
09097513129
07066021988
07012119923
09096994929


08065879218
08037926799
0807353754
07032359937
08180868340
08093487916
09025003230
08085250582
0819221418
08128786202
08134675506
08066388581
08183380770
07019889803
09031341717
08160201341
08130328387
07038428606
08035932233
08130102729
07067020018
08037761391
09061687514
08067766085
08063883761
08064600570
08133949512
07036383609
07061963852
07030087537
09055901524
08060186717
08083908549
08130260577
08065792215
08065503443
08075286115




07030209346


07068763597


07039552521
07061069842
09026884699
09097093464
08037295843


08162842124
09077204050
Phone No
07064763161
08022294540
08130150920
07035114047
08062226607
08066734667
08101802087
08102302387
08032477322
08080334790
07014940571
07055839913
0807353754
07032359937
08171279562
08033213525
08085250582
07063442079
08134675506
08137053835
08066388581
07019889803
08121582448
07030209346
0816844o578
08035932233
08173288397
08063883761
08064600570
07036383609
09068904175
08037555682
07061963852
08033306327
07030087537
08065503443
08065192215
09030705566
08032949918
08075286115